list1 <- list(1,2,3)
list2 <- list(c(1,2,3))
